.7-¹

Filius:

11181 88, 488, 818, 888, 888, 1818, 1888, 1188, 1188,
188 48, 88, 88, 81, 88, 188, 128, 888, 888, 814, 888, 881,
888, 881, 888, 888, 8888811818, 18, 18, 81, 81481 888,
888, 841, 888, 884, 888, 888, 848, 881, 888, 488, 488, 484,
488, 848, 818, 888848, 880, 888, 888, 818, 881, 881, 884,
1888, 1888, 1881, 1118, 1118, 11141184,118811881188,
1188, 1188, 18881888, 1818, 88818, 88, 88, 88, 88, 181,
, 140, 201, 888, 818, 880, 848, 881, 888, 888, 888, 488, 484,
ffimffimmmmfflmffimm
1888, 181818181888, 881 88, 48, 81, 88, 88, 88, 188,
888, 881, 888, 814, 888, 888, 1811, 881818, <888> ,888,888,
0110 221, 888, 8818 88, 88, 184, 188, 818, 848, 888, 888,
888, 888, 408, 414, 188, 481, 888, 888, 884, Men 18, 81, ‘
1118, 848 888, 881, 881, 848, 881, 888, 888, 8881888,
1881, 118 818, 1881, 8188188, 88, 848, ’888, 888, 881, 888,
888, 888, 888, 888, 1818, 1844, 1118, 1188, 8841, 84, 88,
88118, 188, 188, 888, 884, 888, 888, 181818881888,
1888, 1144, 1888, 1888, 88818388, 118, 418, 488, 488, 448,
444, 448, 488, 888, 1881, 1811, 1888, 881 188, 114, 888,
888, 484, 488, 448, 488, 881, 884, 888, 8848118881888,
1888, 1188, 1181, 11481188, 8114 888, 888, 888, 888, 881,
848, 848, 888, 888, 888, 814 881888 155, 118.

Andr 80, 101, 105, 169, 172, 177, 452, 570, 578, 584,
602, 870, Haut 93, 164, 178, 181, 217, 411, 417, 424, 443,
480, 492, 552, 753, 756, 799, 845, 891, 898, 908, 941, ’
991, 1016, 1022, 1025, Eun 289, 962, Ρ1188111 39, 71, 244,
253, 288, 400, 401, 450, 670, 817, 819, 919, 933, 1040, Η88
210, 280, 345, 451, 743, 832, Α11 35, 46, 54, 74,114, 355,
367, 400, 462, 542, 707, 807, 840, 844, 850, 867, 937, 974. ’

Com 1123 Naeu 96, 1120 Ν8811 111, p 48 0888 76,
p114 188 15, p 120188 50, p 128 Ι88 87,p 185 Afr 162,
8188 418190.

'frag p 131 Pac 402.

 

