--311-Ι

Amph 103 195, 47,6, 508, 516, 522, 528, 529, 616, 654,
676 727, 898, 932, 793, 1015, 1015, 1049,1084,1086, 1090,
1091, 1098, 1106, 1120, 1141, 1145,5·11,1111,Χ p 117, Asin
19, 21, 42, 00, 85, 95, 96, 365, 743, 811, 813, 815, 857,
859, 884, -886, 893, 894, 903, 905, 920 1510, 927, 928, 933,
934, 937, 942, Bacch 917, 961, 1009, 1096, Cas 54, 58, 80,
96, 109, 227, 229 249, 277, 279, 289, 295, 304, 318, 319,
329, 340, 359, 364, 387 1510, 409, 41,2 419, 451, 468, 480,
481, 483, 485, 497, 519, 539, 5421551, 553, 574, 583, 592,
597, 6001 1510 6106141510, 696, 705, 780, 787, 829, 835,
939, 944, 949, 969, 979 1510 1000,1,003 1008, 1016, cist
176, 6041510, 611, 613, 780, 01111674, 1111111174, 267, Men
125, 126, 127, 130, 151, 152, 161, 189, 191, 205, 318, 393,
394, 398, 390, 421, 429, 481, 507, 509, 519, 533, 601, 606,
615, 620, 637, 638, 655, 666, 668, 679, 688, 691, 740, 769,
907, 936, 963, 1138, 1100, Mero 239, 241, 244, 275, 279, 410,
538, 545, 556, 580, 705, 713, 760, 763, 765, 766, 789, 796,
800 1510, 807, 808, 809, 811, 812, 813 859, 965, 1003, 1111
673, 680, 685, 689, 700, 793, 796, 800, 908, 932, 969, 1402,
1111111281, 692, 699, 703, 1027, 31111895, 904, 1046, 1203,
1205, Stich 108, 140, 203, 515, 525, 534, 536, 609 664,
'Prin 40, 51, 55, 111, 3751510, 378, 800, 1157, 1186, 111111
392, 847, 21111111551161.

Andr 146, 172, 216, 242, 273, 395, 423, 440 1510, 520,
528, 581, 891, 949, Haut 98, 104, 604, 622, 703, 774 854,
879, 948, Ρ1101111 115, 169, 244, 425, 585, 665, 680, 681, 691,
719, 744, 746, 754, 776, 797, 860872, 936, 941, 959, 1010,
11141, Hec 167, 174, 299, 302, 320 341, 366, 501, 514, 522,
558, 577, 602, 607, 614, 032, 644, 654, 667, 678, 695, 698,
709, 745, 774, 779, 781, 819, 862, ,411 30, 32, 44, 609, 700,
759, 904, 929, 973.

(111111 p 59 6111111 143, p 62 01111158, 11181 (11112851,
p 114 111515, 11 138 111138, 11139 Tit 41,11 144 111170, 11 177
'. 411· 99, 11192 411222, 11195 1111241, 11212 1111· 376, 11230
Pomp 31, 11 238 Pomp 82, 11240 Ρο111 99, 11208 11111186.

 

