..9-

Gnatus:

Asin 16, 66, 72, 76, 82, 283, 826, 829, 830, 836, 882,
461 694, Bacch 327, 463. 492, 778, 863, 812, 1081, 1682,
0661 19, 136, 144, 310, 399, 407, 711, 879, 881, 898, 976,
978, 994, 1666 (bis), 1621, Cas 291, 0161319, Ε616 219,

242, 267, 406, 487, 762, Μ666 66, 329, 367, 686, Most 485,
489, 616, 1627, 1120, 1164, Ρο66 68, 1647, 1196, Pseud 199,
438, 487, 498, 628, 1672, 'Prin 164, 281, 363, 362, 442, 621,
676, 876, 898, 966, 1681, 1146, 1186. .

Andr 49, 98, 149, 163, 186, 627, 628, 636, 636, 646,
662, 696, 831, 861, 869, Haut 131, 148, 429, 431, 628, 646,
670, 712, 843, 882, 888, 894,1003,1028, 1066, 1066, Phorm
64, 422, 442, 677, 1039, 1046, Η66 233, 240, 269, 362, 466,
612, 677, 606, 606, 768, 780, 81 18, 46 383, 692, 766.

0666 p 6 Ν6662,1646 0666 66, 668 0666 140 6267
Ν6676, 6261616641 6.

’166666116666 626 Eun 93, 661 Fun 247 76

Pac 16, 686 Ρ66 67 6 101 Ρ66 198, 6112 Ρ66 283, 69117

Ρ66 316, 6 118 Ρ66 330, 6 131 Ρ66 400, 6 163 466131,
6 166 466 226, 6 166 466 230, 6 173 466 279 6, 6 212
466 6906260166 169. - ,466 lud 11.

CILI 1007, (1346, 1349, 1361, 1353,1354‚ 1359‚1362,
1364, 1366, 1368, 1372, 1376, 1377, 1379, 1380, 1382,

1383, 1302).

Gnata:

Aul 224, 387, 787, 792, 798, 807, cist 181, 648, 11616
363, 632, 696, Men 836, Pers 131, 142, 167, 332, 740, 762,,
Ρ666 962, 1104, 1131, 1276, Rud 1179, 1411, 'Prin 1, 9, 16,
113, 1143, 1167, ’1666 841, 116666 p 166, 82.

Andr 100, 242, 392, 640, 692, 741, 774, 14118 20),
Haut 615, 880, Phorm 736, 749, 817, Η66 124, 318, 446,

566, 672, 812, Ad 340.
06666114 1661 61190461208, 6202416 301

 

